o0 0 0 39 41 4 16 0
o0 0 1 64 11 20 5 0
o0 0 2 10 29 24 37 0
o0 0 3 20 40 34 6 0
o0 0 4 28 58 7 7 0
o0 1 0 16 63 21 0 0
o0 1 1 26 47 6 21 0
o0 1 2 3 6 22 69 0
o0 1 3 37 61 1 1 0
o0 1 4 6 17 8 69 0
o0 2 0 35 57 1 7 0
o0 2 1 7 13 71 9 0
o0 2 2 24 6 58 12 0
o0 2 3 3 54 42 1 0
o0 2 4 7 14 17 62 0
o0 3 0 9 19 66 6 0
o0 3 1 8 25 50 17 0
o0 3 2 77 17 6 0 0
o0 3 3 46 21 7 26 0
o0 3 4 16 37 45 2 0
o0 4 0 36 46 11 7 0
o0 4 1 52 5 14 29 0
o0 4 2 6 20 42 32 0
o0 4 3 42 57 0 1 0
o0 4 4 29 65 2 4 0
o1 0 0 31 14 1 54 0
o1 0 1 19 1 58 22 0
o1 0 2 3 35 51 11 0
o1 0 3 5 37 30 28 0
o1 0 4 0 3 42 55 0
o1 1 0 1 26 55 18 0
o1 1 1 71 24 1 4 0
o1 1 2 2 46 51 1 0
o1 1 3 54 24 0 22 0
o1 1 4 24 17 10 49 0
o1 2 0 5 7 87 1 0
o1 2 1 15 48 14 23 0
o1 2 2 21 8 60 11 0
o1 2 3 3 22 54 21 0
o1 2 4 4 25 39 32 0
o1 3 0 0 49 40 11 0
o1 3 1 31 43 13 13 0
o1 3 2 2 59 16 23 0
o1 3 3 7 57 35 1 0
o1 3 4 21 51 5 23 0
o1 4 0 8 4 8 80 0
o1 4 1 19 79 0 2 0
o1 4 2 43 19 27 11 0
o1 4 3 13 34 33 20 0
o1 4 4 8 1 52 39 0
a0 0 0 39 39 1 21 0
a0 0 1 29 69 0 2 0
a0 0 2 36 12 4 48 0
a0 0 3 65 4 13 18 0
a0 0 4 32 35 24 9 0
a0 1 0 0 2 79 19 0
a0 1 1 4 20 0 76 0
a0 1 2 2 7 74 17 0
a0 1 3 1 49 8 42 0
a0 1 4 4 10 72 14 0
a0 2 0 69 30 1 0 0
a0 2 1 2 21 9 68 0
a0 2 2 1 1 74 24 0
a0 2 3 1 53 10 36 0
a0 2 4 8 4 44 44 0
a0 3 0 45 17 29 9 0
a0 3 1 17 66 13 4 0
a0 3 2 5 12 17 66 0
a0 3 3 20 27 12 41 0
a0 3 4 51 7 13 29 0
a0 4 0 15 29 29 27 0
a0 4 1 0 1 9 90 0
a0 4 2 15 10 30 45 0
a0 4 3 6 17 37 40 0
a0 4 4 54 10 33 3 0
